917 993 1508 1837 1894 2070 2188 2260 2978 3056 3387 
243 452 514 530 586 684 825 1017 1101 1216 1258 1297 1342 1651 1663 1704 1737 1785 2241 2323 2418 2546 2687 2729 2736 2880 3021 3219 3220 3611 3634 3903 3990 
641 1016 1069 1076 1332 1360 1936 1998 2136 2878 3390 3522 3689 3721 3743 3802 3899 
24 171 213 317 402 411 434 529 538 619 625 658 700 782 861 881 892 893 900 914 947 977 1006 1116 1182 1207 1236 1243 1334 1411 1477 1510 1517 1544 1564 1646 1675 1780 1824 1973 1976 2083 2137 2194 2243 2247 2255 2258 2298 2304 2357 2361 2375 2505 2517 2537 2612 2620 2653 2805 2898 2899 2900 2915 2921 2926 3008 3025 3033 3034 3053 3112 3124 3155 3160 3180 3203 3230 3252 3254 3272 3310 3352 3356 3407 3411 3495 3583 3644 3680 3690 3698 3709 3798 3815 3908 3914 3925 3975 3985 
63 337 1324 1337 1492 1499 2695 3654 
90 121 150 526 634 811 818 823 829 855 870 955 1032 1151 1209 1233 1314 1316 1443 1533 1606 1633 1864 1881 1888 1893 1939 2382 2415 2708 2916 2937 3000 3005 3166 3281 3328 3405 3519 3578 3626 3639 3667 3715 3807 3834 3882 3906 
921 1665 2381 2399 3614 3823 
268 274 453 1005 1026 1093 1172 1296 1778 2074 2549 2674 3138 3663 3742 3744 3964 
44 1518 1588 1619 1979 2491 2767 3202 3263 3600 3685 
58 565 749 778 1038 1206 1930 2478 2813 2886 2949 3009 3043 3049 3106 3129 3184 3214 3264 3395 3452 3741 3830 3989 
53 98 248 250 357 370 534 644 672 679 694 717 989 1102 1167 1262 1431 1509 1525 1609 1733 1823 1831 1853 2097 2423 2534 2715 2935 3013 3215 3251 3393 3410 3628 3671 3788 
32 438 1434 1587 1845 2969 3475 3651 
135 297 378 561 2190 2779 2996 3268 3299 
430 647 744 1470 1598 1944 2218 3085 3207 3592 
29 35 88 89 160 235 341 666 745 853 919 954 962 996 1000 1255 1312 1317 1347 1391 1450 1487 1727 1822 1995 2027 2063 2076 2131 2173 2207 2210 2286 2502 2539 2551 2568 2628 2631 2637 2647 2678 2704 2711 2762 2778 2846 2867 2892 3035 3052 3088 3111 3127 3157 3165 3167 3222 3260 3278 3288 3289 3376 3401 3460 3562 3618 3627 3735 3776 3857 3992 
99 1245 1965 2242 2710 2719 2951 2956 3443 3448 3682 3888 3902 
328 1331 1482 2431 2803 3706 
2 237 555 595 1068 1290 1364 1378 1404 1618 1668 1814 1815 1993 2088 2107 2280 2339 2474 2587 2623 2712 2717 2776 2955 3098 3125 3320 3574 3781 3785 3843 3860 3867 3875 3927 3972 
153 610 2022 2062 2292 2424 2893 3093 3457 
5 38 375 566 581 608 678 716 816 854 863 1011 1037 1089 1124 1150 1381 1408 1514 1593 1696 1705 1740 1775 1795 1896 2102 2123 2182 2239 2401 2417 2437 2444 2694 2737 2802 2837 2872 2890 3146 3179 3325 3412 3454 3556 3755 3771 3864 
78 125 203 736 837 889 1578 1585 1749 1915 1974 2284 2305 2841 3248 3558 3679 3729 
428 865 1595 1987 2334 2641 3069 3132 3966 
82 292 295 380 394 577 594 624 639 757 785 911 1079 1315 2008 2037 2133 2294 2383 2577 2918 2973 3055 3643 3897 3946 
1507 1511 1700 1872 2178 3227 3469 3487 3905 
502 1126 2004 2226 2700 
181 353 1055 1267 1292 1808 1839 2860 3139 3188 3561 3646 3677 3893 3929 
143 347 563 661 726 1012 1070 1217 1307 1666 1710 2110 2355 2540 2594 2780 3040 3341 3855 
282 606 2187 2609 2706 2753 3620 
345 404 1909 1935 2124 2135 2585 2611 2763 3026 3064 3067 3187 3727 3739 3817 
6 16 79 193 304 325 331 340 352 364 388 621 673 695 742 752 868 928 971 982 1041 1338 1512 1548 1594 1688 1693 1722 1744 1756 1773 1774 1826 1869 1911 1977 2301 2336 2365 2380 2484 2513 2601 2643 2645 2682 2930 2953 2993 3105 3116 3147 3266 3577 3593 3601 3640 3675 3770 3772 3800 3865 3949 3977 
39 56 363 486 579 685 722 1177 1195 1286 1447 1455 1465 1771 1782 1816 2023 2035 2041 2125 2195 2200 2223 2227 2379 2392 2497 2588 2757 2830 2885 3199 3406 3506 3518 3531 3669 3936 4000 
513 951 1931 2675 2831 2851 3661 
442 1252 1359 1530 2054 2117 3006 3378 3844 3885 
460 479 731 1009 1072 1239 1858 1879 1945 2460 3565 
9 94 177 200 280 421 422 423 424 431 449 549 616 623 631 638 667 674 681 769 1051 1188 1192 1300 1348 1351 1362 1375 1395 1444 1554 1581 1714 1764 1768 1818 1829 1923 1929 1960 2087 2089 2161 2278 2393 2454 2739 2748 2795 2829 2875 2877 2919 2923 2928 2980 2981 3119 3486 3517 3536 3537 3552 3660 3700 3714 3753 3813 3851 3876 3918 3955 
329 397 400 787 964 1123 1166 1249 1978 2252 2299 2749 2754 2832 3283 3394 3580 3610 3658 3804 3840 
17 1260 1612 1641 2093 3136 
381 385 593 779 820 904 907 931 997 1086 1371 1458 1532 1730 1763 1794 1847 1975 2091 2318 2329 2330 2346 2352 2428 2598 2640 2650 2697 2768 3087 3100 3267 3383 3402 3419 3455 3476 3482 3779 3836 3868 
102 578 737 822 1269 1413 1505 1835 2031 2347 2636 3423 3502 3596 3883 
37 443 464 465 533 1392 1748 1786 1810 1844 1912 1919 1940 1983 2000 2141 2143 2191 2519 2557 3224 3229 3442 3656 3657 3702 3854 
426 439 1285 1754 1950 2006 2220 
25 26 36 67 120 123 148 184 190 207 286 300 369 415 612 698 746 923 938 944 980 1008 1058 1117 1127 1130 1203 1230 1261 1329 1356 1365 1367 1415 1418 1460 1469 1599 1654 1681 1715 1891 1908 1956 2005 2016 2036 2050 2221 2273 2281 2362 2366 2396 2435 2442 2443 2447 2448 2471 2500 2555 2654 2658 2728 2825 2913 2968 3133 3242 3247 3269 3271 3277 3280 3481 3496 3512 3560 3701 3716 3745 3763 3783 3825 3848 3871 
205 888 1723 1800 3046 3665 
170 376 552 642 1096 1232 1445 1524 2024 2086 2155 2503 2579 2745 2881 3162 3172 3408 3415 3598 3880 
75 110 326 626 994 1294 1584 1812 1986 2306 2359 2563 2964 3050 3466 3588 3778 
477 603 1968 1971 2320 3083 
23 390 635 649 740 793 867 1010 1112 1162 1175 1186 1196 1333 1534 1600 1638 1701 1735 1865 1963 1966 1990 2059 2145 2410 2565 2582 2629 2796 2854 2914 2963 3221 3315 3398 3414 3417 3445 3467 3470 3508 3516 3581 3703 3809 3838 
124 462 558 735 756 786 803 862 1082 1238 1330 1563 2010 2105 2106 2213 2702 3182 3206 3293 3821 
693 972 1019 2176 3754 
1071 1419 1572 1691 2545 2548 2794 3181 
195 309 450 474 841 1961 2163 3349 3540 
238 272 354 399 458 690 720 832 847 869 908 929 963 986 988 1341 1346 1383 1429 1453 1496 1500 1528 1580 1669 1736 1876 1900 1905 1942 2015 2026 2029 2128 2146 2350 2456 2613 2619 2770 2775 2835 2836 2849 3123 3163 3233 3319 3520 3548 3859 
1385 1861 1868 2229 2523 3066 3431 3638 
165 333 588 871 1407 2079 2676 2756 3039 3068 3346 
103 118 119 159 174 175 233 269 467 483 682 739 791 891 974 1002 1153 1171 1190 1198 1228 1501 1553 1556 1623 1726 1776 1848 1892 1927 1958 2030 2039 2098 2112 2165 2288 2489 2532 2583 2634 2664 2760 2800 2853 2866 2924 3007 3141 3257 3304 3332 3345 3400 3493 3501 3603 3699 3704 3900 3901 
147 155 283 343 437 501 592 597 707 772 858 937 1265 1363 1462 1519 1520 1523 1539 1540 1575 1660 1920 1921 1924 2157 2160 2238 2276 2293 2552 2679 2683 2747 2751 2759 2856 3023 3076 3104 3273 3276 3321 3549 3553 3585 3841 3953 
72 122 183 222 234 406 436 488 601 622 640 729 733 767 991 1030 1035 1106 1125 1140 1157 1169 1213 1400 1403 1473 1574 1625 1679 1703 1834 1855 1885 1949 1992 2118 2156 2264 2405 2430 2439 2480 2624 2655 2666 2727 2740 2792 2826 2903 2950 2986 3011 3212 3339 3354 3370 3544 3623 3641 3683 3686 3696 3786 3787 3792 3811 
405 496 776 1161 1205 1229 1448 2153 2387 2441 3131 3148 3209 3287 3895 
62 149 814 1251 1706 1713 1745 1884 2225 3353 3498 
55 81 221 227 262 265 288 320 447 476 548 609 651 806 828 852 899 902 1163 1204 1208 1210 1235 1287 1308 1601 1655 1792 1946 2175 2230 2233 2271 2319 2358 2420 2488 2535 2573 2595 2610 2689 2705 2804 2821 2822 2852 2876 2907 2939 2992 3102 3108 3145 3164 3170 3183 3197 3347 3434 3533 3535 3567 3595 3625 3629 3719 3890 3926 
28 57 73 107 111 137 161 179 199 270 296 332 334 379 407 412 524 535 539 564 605 669 770 802 826 839 846 901 918 981 1136 1199 1412 1438 1459 1537 1569 1571 1636 1671 1760 1820 1843 1874 1952 1997 2014 2025 2130 2235 2263 2316 2321 2479 2572 2618 2665 2726 2744 2769 2812 2828 2843 2865 2891 2985 3015 3065 3259 3296 3326 3351 3392 3478 3499 3591 3599 3659 3695 3760 3832 3889 
10 850 979 1085 1350 1686 2185 2389 2970 3446 3547 3961 
368 1573 1603 1827 2403 2798 3954 3963 
186 294 471 692 712 764 942 945 967 1047 1078 1090 1179 1272 1303 1376 1428 1432 1475 1552 1809 2065 2095 2313 2340 2394 2408 2533 2574 2784 2850 2861 2905 2990 3030 3099 3355 3361 3607 3674 3819 3858 
166 796 875 882 1064 1065 1075 1080 1240 1270 2067 2180 2189 2256 2455 2526 2543 2693 2733 2988 3191 3366 3382 3631 3942 
11 162 163 212 236 264 275 285 310 444 489 511 545 686 705 807 838 934 995 1050 1107 1122 1214 1283 1405 1435 1504 1558 1562 1589 1620 1640 1664 1689 1804 1897 1910 1943 2007 2009 2034 2052 2077 2148 2158 2228 2250 2253 2290 2291 2314 2328 2514 2602 2668 2707 2755 2774 2809 2814 2827 2857 2943 2954 2987 2995 3002 3032 3070 3218 3483 3497 3524 3604 3612 3648 3694 3749 3765 3853 3945 3981 3982 3988 
335 346 473 515 909 958 1046 1219 1279 1567 2078 2094 2561 2922 3211 
330 585 714 804 1373 1637 1875 2169 2788 3071 3453 3790 3793 3797 
540 704 777 1424 1430 1934 2073 2481 2698 3201 3340 3363 
3 214 1658 3175 3774 
1098 1559 1577 2607 3154 3447 3594 3655 
141 509 1388 1557 1678 1862 2262 2667 3174 3503 
47 1145 1436 2231 2520 2564 2642 3388 3397 3965 
70 266 620 718 831 894 2529 2855 
46 104 133 180 348 508 600 611 765 910 1022 1036 1052 1063 1114 1335 1401 1421 1545 1568 1570 1622 1720 1811 2021 2111 2192 2197 2214 2349 2501 2661 2884 3342 3437 3461 3731 3856 
30 1452 1677 1836 2113 2244 2360 2508 2536 3435 3730 
198 408 518 607 701 874 877 924 968 1280 1352 1433 1506 1632 1708 1721 1739 1751 1779 1937 2085 2092 2269 2312 2351 2371 2406 2450 2544 2567 2599 2659 2692 2761 2972 3048 3107 3178 3246 3262 3313 3317 3343 3514 3602 3676 3752 3806 3892 3943 3948 3957 3993 
43 197 224 241 244 324 671 732 1181 1220 1221 1366 1397 1446 1717 1777 2042 2116 2287 2338 2477 2644 2696 2790 2807 2819 2982 3159 3238 3307 3528 3542 3615 3705 3733 
77 151 216 253 688 696 950 1045 1092 1138 1321 1368 1560 1926 2402 2651 3045 3060 3243 3301 3546 3636 3652 3756 3873 3877 3999 
31 52 145 152 185 240 273 289 291 307 373 409 503 527 650 664 711 715 751 760 763 766 775 851 896 933 949 1003 1015 1049 1062 1149 1224 1301 1325 1328 1422 1466 1479 1513 1607 1610 1631 1649 1766 1828 1870 1902 2066 2084 2108 2119 2212 2246 2324 2342 2400 2414 2422 2426 2427 2466 2472 2524 2589 2673 2772 2789 2808 2863 2889 2927 2938 2983 2991 2998 3077 3109 3122 3135 3196 3200 3204 3282 3302 3368 3480 3526 3557 3608 3794 3839 3884 3919 3939 
22 54 134 219 281 293 338 339 519 630 759 780 813 817 844 1007 1197 1268 1282 1291 1326 1336 1484 1549 1729 1907 1941 2075 2099 2232 2236 2285 2308 2368 2397 2409 2476 2584 2732 2734 2797 3110 3128 3144 3173 3189 3258 3297 3323 3384 3563 3566 3718 3799 3874 3904 
856 1494 2325 2910 3168 3380 3960 
206 403 799 883 884 1137 1345 1409 1474 1576 2196 2343 2463 2515 2686 3029 3573 3724 3775 3814 3847 3971 3984 
290 961 1226 1244 1437 2064 2152 2283 2457 2507 2621 2960 3158 3305 3831 
59 446 492 528 589 683 833 834 840 1060 1384 1596 1605 1608 1647 1659 1734 2068 2101 2140 2199 2309 2363 2445 2531 2575 2672 2766 2904 2936 2975 3072 3080 3137 3205 3223 3329 3450 3472 3485 3515 3579 3586 3624 3664 3668 3740 3758 3762 3915 
461 1263 1393 1423 1491 2002 3316 3324 3653 
314 572 959 1374 1583 1755 2289 2411 3409 3430 3737 
350 956 1256 2204 2311 2332 2372 2459 3169 3348 3504 3693 3891 
96 169 384 1476 2592 3692 
14 130 217 279 491 495 512 783 886 970 1013 1120 1128 1165 1234 1394 1467 1531 1541 1648 1650 1707 1873 1878 1880 1899 1925 1955 2038 2048 2174 2240 2277 2333 2550 2553 2597 2648 2725 3120 3140 3192 3253 3362 3374 3396 3418 3500 3550 3569 3589 3622 3635 3681 3795 3833 3863 3866 
83 128 319 393 505 517 532 541 556 598 675 708 728 734 800 836 953 960 1001 1187 1310 1313 1379 1502 1503 1661 1742 1790 1806 1817 1840 2003 2046 2080 2521 2656 2816 2824 2862 3031 3042 3062 3074 3186 3210 3239 3344 3375 3462 3479 3575 3666 3720 
136 456 480 497 591 680 699 741 946 1215 2132 2259 2310 2468 2525 2685 2771 2833 2839 3012 3529 3773 3837 
27 48 50 60 142 156 178 303 362 440 472 523 633 660 725 762 801 815 827 864 920 990 1004 1031 1067 1081 1170 1176 1184 1185 1264 1340 1344 1456 1472 1488 1582 1639 1697 1731 1819 1916 1957 2103 2279 2432 2434 2446 2483 2487 2516 2590 2603 2649 2660 2670 2677 2680 2703 2758 2782 2815 2882 2888 2912 2925 2944 2957 2959 2967 2974 3097 3143 3228 3240 3291 3294 3309 3322 3538 3543 3613 3728 3818 3909 3916 
567 617 842 3846 3931 
225 245 315 358 417 573 761 1042 1053 1449 1483 1536 1752 2058 2144 2390 2635 2777 2909 2994 3389 3427 3559 3734 3747 3910 
12 115 485 546 557 797 1033 1113 1115 1121 1225 1396 1765 1984 2440 2490 2614 2716 3024 3073 3308 3441 3736 
223 401 709 810 890 1021 1319 1370 1410 1807 1890 1953 2902 3285 3386 3650 3852 
8 49 164 259 306 383 419 466 553 571 584 798 866 943 966 1024 1056 1100 1109 1154 1158 1289 1295 1389 1521 1526 1555 1579 1626 1628 1642 1657 1662 1673 1738 1758 1803 1838 1859 1898 2061 2071 2096 2134 2142 2179 2183 2251 2267 2315 2504 2596 2605 2895 2901 2920 2976 2977 2979 3001 3095 3114 3193 3194 3195 3225 3226 3327 3334 3337 3372 3616 3633 3647 3684 3725 3796 3808 3812 3842 3849 3881 3950 3983 3986 
182 191 218 386 493 547 570 663 1091 1414 1463 1854 2205 2248 2571 3017 3054 3115 3151 3234 3381 3403 3708 
157 843 898 1119 1624 1672 1989 2115 2149 2576 2933 3153 3357 3898 
158 276 298 662 984 1054 2017 2580 2847 3429 3439 
455 689 727 2109 2275 2946 
323 1561 1653 1783 1889 2873 3051 3712 
773 1304 1627 1867 2859 2945 
19 116 127 260 311 359 367 396 510 542 554 562 613 655 691 930 965 1018 1077 1104 1248 1253 1278 1306 1629 1667 1690 1718 1719 1767 1787 1796 1801 1805 1849 1991 2044 2053 2166 2172 2202 2215 2303 2345 2370 2438 2458 2469 2495 2518 2633 2657 2746 2764 2817 2858 2883 2947 3022 3149 3217 3255 3286 3399 3425 3464 3489 3576 3606 3726 3826 3894 3958 
92 139 167 420 628 643 659 805 848 935 1273 1515 2493 2506 2840 3014 3534 
21 34 80 91 126 138 168 196 209 215 475 506 536 574 730 922 936 978 985 1023 1028 1040 1061 1097 1141 1183 1276 1386 1417 1461 1485 1489 1497 1538 1643 1656 1695 1747 1750 1770 1866 1883 1886 1895 1906 2013 2020 2060 2159 2297 2353 2421 2467 2541 2559 2663 2669 2681 2684 2721 2868 2871 2911 2929 3016 3061 3331 3338 3379 3432 3468 3509 3525 3532 3572 3757 3827 3829 3878 3923 3928 3941 
499 596 602 913 2449 
189 252 278 387 482 490 781 795 1014 1044 1083 1094 1481 1547 1551 1615 1635 1732 1788 1798 1932 2018 2051 2139 2237 2510 2522 2591 2723 2948 3019 3079 3082 3089 3152 3274 3306 3385 3530 3554 3637 3791 3816 3828 3845 3850 3870 3907 3976 
322 469 721 1025 1293 1495 2344 2412 2530 2838 3335 3879 
64 481 1152 1202 1223 1305 1471 1951 1985 2126 2147 2151 2527 2547 2691 2783 3314 3330 3805 3995 
20 41 113 114 140 194 365 391 560 583 703 790 885 1132 1259 1266 1274 1323 1354 1468 1590 1687 1694 1825 1918 1988 2121 2138 2416 2566 2701 3130 3249 3318 3365 3391 3440 3590 3670 3862 
568 2376 2569 3004 3118 3545 
42 106 361 418 906 927 1057 1173 1970 2072 2270 2627 2741 3003 3037 3101 3490 3582 
895 1110 1486 2057 2265 2615 3161 3261 3991 
7 15 18 33 45 61 87 226 229 246 249 299 312 344 429 433 435 520 614 636 665 668 724 738 758 912 926 932 1160 1164 1174 1189 1277 1298 1355 1358 1439 1464 1652 1682 1684 1685 1692 1698 1851 1967 1980 2032 2033 2120 2162 2181 2198 2249 2254 2326 2341 2453 2509 2538 2556 2558 2735 2738 2864 3018 3057 3084 3117 3142 3156 3176 3231 3241 3300 3311 3373 3377 3420 3465 3488 3491 3570 3617 3642 3761 3768 3769 3970 3979 3980 3987 
860 1131 1247 2386 2388 2398 2600 3350 3507 3541 3767 
537 809 1027 1402 1478 1947 2874 
652 1380 1702 2154 2845 3075 3208 3444 3584 
441 670 812 878 1522 2100 2219 2245 2934 3766 
1095 1200 1427 2274 2451 2750 3036 3597 
576 903 1550 3237 3710 
1 65 66 774 792 1029 1168 1193 1309 1480 1634 1833 1917 2055 2272 2337 2465 2581 2638 2699 2896 3213 3312 3428 3438 3630 3759 3959 3968 
13 68 69 84 100 144 176 228 257 258 263 342 395 410 478 516 531 559 627 654 784 849 857 876 887 999 1039 1103 1111 1143 1155 1180 1218 1250 1339 1372 1420 1442 1454 1543 1611 1614 1725 1743 1762 1784 1791 1821 1842 1850 1871 1882 1903 1938 1962 1969 1972 2012 2047 2049 2127 2216 2296 2335 2496 2554 2626 2632 2722 2781 2818 2834 2842 2848 2917 2966 3063 3091 3177 3265 3290 3364 3413 3421 3449 3484 3505 3571 3621 3691 3697 3746 3750 3784 3803 3872 3887 3917 3937 
85 109 132 192 204 247 355 451 463 653 710 748 750 788 897 1034 1237 1241 1527 1529 1566 1683 1716 1728 1901 1999 2413 2492 2616 2773 2879 2932 2941 3113 3451 3471 3632 3777 3835 
754 948 992 1108 2367 2494 2887 2984 3216 3924 
108 112 267 308 445 457 494 550 637 743 1144 1194 1457 1490 1616 1670 2261 2356 2377 2622 2646 3824 3861 3978 
983 2462 2720 2806 2869 3748 
74 97 146 173 208 231 316 413 416 677 830 957 1020 1105 1135 1191 1211 1288 1516 1832 1904 1948 1996 2170 2295 2486 2499 2608 2617 2811 2870 2961 3198 3358 3609 3869 3933 3998 
1246 1275 1441 1498 1802 2327 2374 2639 2709 3492 3587 
131 360 374 398 580 604 615 713 824 939 1147 1242 1322 1406 1493 1761 1914 2081 2104 2193 2302 2364 2373 2384 2475 2578 2606 2743 2844 2931 3092 3094 3171 3235 3416 3422 3678 3687 3967 
706 2069 2257 2690 3336 3932 
101 117 211 242 287 349 351 371 382 414 454 468 676 755 940 975 1066 1087 1142 1148 1271 1425 1789 1954 1959 2282 2765 2823 2997 3256 3295 3360 3474 3956 
93 95 129 305 321 372 459 500 504 569 590 632 687 719 794 808 1043 1074 1099 1134 1201 1212 1227 1254 1257 1311 1327 1349 1353 1369 1382 1399 1451 1597 1613 1630 1644 1676 1753 1877 1922 1928 2001 2011 2082 2114 2164 2186 2348 2354 2369 2419 2429 2586 2604 2671 2730 2731 2793 2810 2820 2897 2940 2942 2952 2989 3027 3059 3121 3150 3244 3292 3433 3436 3456 3459 3463 3511 3672 3707 3738 3947 3952 3973 
366 425 916 2470 2958 3090 3236 
172 1361 2718 3078 3996 
188 220 254 261 336 507 543 599 645 835 872 879 915 1059 1073 1084 1088 1645 1680 1769 1841 1913 1964 1982 2203 2211 2217 2266 2307 2511 2512 2542 2570 2724 2785 3038 3041 3058 3303 3523 3649 3723 3780 3789 3920 3930 3969 
76 1129 1797 3369 3539 3913 
105 154 271 998 1159 1281 1617 2129 2452 2752 2906 3185 3275 3521 3722 3921 
4 40 51 71 313 392 427 521 522 544 551 587 629 656 657 859 905 941 973 987 1118 1146 1299 1343 1357 1377 1398 1416 1592 1709 1724 1746 1757 1846 1887 2019 2040 2122 2150 2171 2177 2184 2206 2208 2300 2331 2395 2433 2436 2473 2560 2562 2688 2713 2799 2894 2965 2971 2999 3047 3081 3086 3126 3134 3245 3250 3270 3279 3284 3298 3333 3367 3371 3404 3424 3426 3473 3527 3551 3555 3605 3619 3662 3673 3688 3717 3732 3764 3810 3896 3922 3934 3962 3974 3994 3997 
525 1133 1565 2378 2407 2801 3359 3782 3940 
187 232 255 284 301 302 470 498 575 582 697 723 753 819 821 845 880 1284 1320 1542 1586 1591 1621 1674 1741 1772 1793 1799 1813 1856 1857 2209 2385 2404 2461 2464 2485 2593 2630 2787 2962 3020 3028 3096 3103 3232 3513 3564 3645 3711 3820 3822 3886 3935 
86 210 356 1318 3010 
202 251 277 318 327 618 771 789 925 1048 1440 1604 1712 1759 1981 1994 2043 2045 2167 2168 2425 2528 2625 2742 3477 3911 3944 3951 
230 239 256 377 389 432 448 484 487 646 648 702 747 873 969 1139 1156 1178 1222 1231 1302 1387 1390 1426 1535 1546 1602 1699 1711 1781 1852 1863 1933 2028 2090 2201 2224 2234 2268 2317 2322 2482 2498 2652 2714 2791 2908 3044 3190 3494 3510 3713 3751 3912 
201 768 952 976 1830 1860 2056 2222 2391 2662 2786 3458 3568 3801 3938 
